doc_id,path,topic_0,topic_1,topic_2,topic_3,topic_4,topic_5,topic_6,topic_7,topic_8,topic_9,top_topic,top_score
MM__MM_01_03_2019_0.txt,MM/MM_01_03_2019_0.txt,0.5001345112148046,0.0001821949710194252,0.00018220164008018517,0.00018219792138200625,0.00018220364507496353,0.2593835121339149,0.00018217920832132195,0.23920658135233294,0.00018223037050704534,0.0001821875425625056,topic_0,0.5001345112148046
MM__MM_01_04_2016_0.txt,MM/MM_01_04_2016_0.txt,0.3020178832798515,0.00021057435414844591,0.00021057968999807432,0.17657960755514676,0.1136152136966545,0.3323584271654238,0.00021057770719338443,0.0002105780770950509,0.04235936269130445,0.032227195783184094,topic_5,0.3323584271654238
MM__MM_01_05_2016_0.txt,MM/MM_01_05_2016_0.txt,0.11790661989106015,0.00022130376599348902,0.026859688498397448,0.2248758275485801,0.4013232325687625,0.22792815048453746,0.00022128733518411546,0.00022128680664111695,0.00022130356046478562,0.00022129954037880894,topic_4,0.4013232325687625
MM__MM_01_06_2016_0.txt,MM/MM_01_06_2016_0.txt,0.6681527185149604,0.00026183314528577446,0.0002618417078838788,0.10481010425988847,0.00026185375510660847,0.2095669446911452,0.00026185086939247565,0.00026185353079506994,0.01589914856791125,0.0002618509576309363,topic_0,0.6681527185149604
MM__MM_01_08_2016_0.txt,MM/MM_01_08_2016_0.txt,0.6492653738312149,0.00022681712063384773,0.1572585748814561,0.00022682489325653431,0.05780806173316577,0.00022681169951243658,0.00022680686844985082,0.1343071214320769,0.00022679726716448464,0.00022681027306933592,topic_0,0.6492653738312149
MM__MM_01_08_2016_1.txt,MM/MM_01_08_2016_1.txt,0.5662011745989548,0.3402207297556153,0.0014495943554892966,0.0014494468867199952,0.0014499203006652177,0.0014495492070619935,0.0834310044887552,0.0014494590097293527,0.001449630182498967,0.0014494912145096579,topic_0,0.5662011745989548
MM__MM_01_09_2018_0.txt,MM/MM_01_09_2018_0.txt,0.41779515444310555,0.11281654983332463,0.00015271029650279223,0.00015271906092865966,0.00015271566084306277,0.3677826446583679,0.00015271334545347156,0.06597865955827953,0.03486341749904846,0.00015271564414592504,topic_0,0.41779515444310555
MM__MM_01_10_2017_0.txt,MM/MM_01_10_2017_0.txt,0.2611690004937131,9.143714343404482e-05,0.027818453337327343,9.143379559520947e-05,9.143322376094527e-05,9.143198592043055e-05,9.142808037225355e-05,0.6924114108782975,0.018052538133454747,9.143292812449248e-05,topic_7,0.6924114108782975
MM__MM_01_11_2017_0.txt,MM/MM_01_11_2017_0.txt,0.5298735390357997,0.00020004080406947858,0.0002000568610505794,0.00020004771714736278,0.0002000513688406019,0.00020005387014356314,0.00020004484617973194,0.46852607636370514,0.0002000464169193737,0.00020004271614438904,topic_0,0.5298735390357997
MM__MM_01_11_2018_0.txt,MM/MM_01_11_2018_0.txt,0.0011767528315977847,0.0011766634833380032,0.0011766769845897936,0.16045708599043618,0.0011766860581549148,0.07971559460209107,0.0011765370665239106,0.0011767768807587388,0.0011765169270626294,0.751590709175447,topic_9,0.751590709175447
MM__MM_01_12_2017_0.txt,MM/MM_01_12_2017_0.txt,0.3360292566251246,0.00016588023644099756,0.00016588878176784783,0.0001658828657002626,0.00016587029212758515,0.31299445476544524,0.0001658692502223389,0.3498151432863513,0.0001658844538809998,0.00016586944293882203,topic_7,0.3498151432863513
MM__MM_01_13_2016_0.txt,MM/MM_01_13_2016_0.txt,0.2476183549022017,0.000269608907470534,0.12325355548240079,0.05026141273238381,0.00026961326075551894,0.5772490145317394,0.0002696187356507081,0.0002696123070200076,0.0002696056135378614,0.00026960352683959787,topic_5,0.5772490145317394
MM__MM_01_14_2019_0.txt,MM/MM_01_14_2019_0.txt,0.2263302588229724,0.010890787456055987,0.0001141850207138707,0.000114190638903518,0.03268731132852233,0.46043312500338224,0.0001141794728267112,0.2623881107563466,0.006813666133718098,0.00011418536655811153,topic_5,0.46043312500338224
MM__MM_01_14_2019_1.txt,MM/MM_01_14_2019_1.txt,0.00017926490316230785,0.000179251311094723,0.00017925939679814114,0.06827690213673533,0.0001792654592266378,0.6262023206295009,0.00017924966455505267,0.24225810999779696,0.00017924738686719477,0.06218712911426275,topic_5,0.6262023206295009
MM__MM_01_15_2018_0.txt,MM/MM_01_15_2018_0.txt,0.7555417503734256,0.00018626987461809667,0.00018627632599914424,0.00018627013657512707,0.0001862723356095495,0.13335618934957263,0.00018625838528603983,0.00018627562105171137,0.00018628418581184567,0.10979815341205028,topic_0,0.7555417503734256
MM__MM_01_15_2019_0.txt,MM/MM_01_15_2019_0.txt,0.0009093067196897772,0.0009093413016225895,0.36496327209987073,0.0009092523721572633,0.08084623816940273,0.0009093568537112182,0.3929861030501726,0.0009092729355092388,0.02804023081282089,0.12861762568504298,topic_6,0.3929861030501726
MM__MM_01_15_2019_1.txt,MM/MM_01_15_2019_1.txt,0.14885564025357667,9.330436187468354e-05,9.330892563455637e-05,9.331264870338687e-05,9.331065361489288e-05,0.2096021331563226,9.330377333060089e-05,0.6116251010601296,0.02935727653601759,9.330863079563522e-05,topic_7,0.6116251010601296
MM__MM_01_16_2019_0.txt,MM/MM_01_16_2019_0.txt,0.0004832502870202842,0.00048319638856010453,0.20538562636719812,0.03585801004698537,0.17507526995091155,0.0004832074764987857,0.00048321001255958226,0.00048321448537514365,0.0004831576015800161,0.580781857383311,topic_9,0.580781857383311
MM__MM_01_17_2017_0.txt,MM/MM_01_17_2017_0.txt,0.08482799142876563,4.754343416064939e-05,0.2216604386201504,0.28412270870197115,0.05840406822827285,0.05205988141349421,4.754019665247049e-05,0.17728763888313312,4.7543894724441483e-05,0.12149464519867503,topic_3,0.28412270870197115
MM__MM_01_17_2019_0.txt,MM/MM_01_17_2019_0.txt,0.00016533983046990996,0.00016533931237777954,0.00016534001510999782,0.11816737197851769,0.017751187588766534,0.47754181533599827,0.0001653252535544281,0.001823401902126733,0.03979169283405522,0.34426318594902344,topic_5,0.47754181533599827
MM__MM_01_19_2017_0.txt,MM/MM_01_19_2017_0.txt,0.0002348043107443362,0.0556215114446668,0.13713610160621656,0.20740122830121335,0.27841717691841256,0.2867536599450742,0.00023479106235336478,0.0002348019685509108,0.0002348045134870869,0.03373111992928068,topic_5,0.2867536599450742
MM__MM_01_23_2018_0.txt,MM/MM_01_23_2018_0.txt,0.00015604239015425868,0.00015603088651132145,0.0001560533796101074,0.0001560390512328364,0.00015603695470010198,0.00015604818793412727,0.00015603366424151458,0.00015604160338915526,0.016040758267706668,0.98271091561452,topic_9,0.98271091561452
MM__MM_01_24_2017_0.txt,MM/MM_01_24_2017_0.txt,0.07786635199865989,0.0002174588891449201,0.010045740466576287,0.00021745760892167274,0.00021745198605025869,0.13805393887041342,0.00021743510375197962,0.4921566927408172,0.19365277701574451,0.08735469531991971,topic_7,0.4921566927408172
MM__MM_01_24_2017_1.txt,MM/MM_01_24_2017_1.txt,0.3086293482218805,0.00021191513591959046,0.148749080236815,0.0002119250602797337,0.3017805100314965,0.034713701216371434,0.00021191480766331554,0.00021191607213086384,0.028086136266522194,0.17719355295092096,topic_0,0.3086293482218805
MM__MM_01_25_2018_0.txt,MM/MM_01_25_2018_0.txt,7.420135384199945e-05,7.420193778490124e-05,7.420322900023198e-05,7.420596621475827e-05,7.420242196686781e-05,7.420520190406307e-05,7.419795477822941e-05,0.3234517782469977,0.045204765570237414,0.6308240381172738,topic_9,0.6308240381172738
MM__MM_01_26_2018_0.txt,MM/MM_01_26_2018_0.txt,6.283297549571219e-05,6.282990309819984e-05,0.09487319850799433,6.283221445832023e-05,6.283343703089257e-05,6.282979081480153e-05,6.282798225847542e-05,6.283049461173801e-05,6.283133318524085e-05,0.9046241533610523,topic_9,0.9046241533610523
MM__MM_01_28_2016_0.txt,MM/MM_01_28_2016_0.txt,0.39735610786793896,0.0002513158744921026,0.29168807761421867,0.050282839582104916,0.025247991703835272,0.00025131601911526836,0.0002513124155503158,0.14906727015796312,0.0002513127942755112,0.08535245597050607,topic_0,0.39735610786793896
MM__MM_01_28_2019_0.txt,MM/MM_01_28_2019_0.txt,0.00029507621774902364,0.574589614161556,0.00029506664507865794,0.0002950564706528499,0.00029506732180787997,0.4230498976880348,0.000295063543009552,0.0002950700274218953,0.00029503392583547837,0.0002950539988538574,topic_1,0.574589614161556
MM__MM_01_28_2019_1.txt,MM/MM_01_28_2019_1.txt,0.0004808881152660864,0.0004809005051661768,0.0004808907950919324,0.0004808876332520248,0.9363215230824581,0.0004808577278356533,0.0004808593039882275,0.00048087560232075465,0.00048087713669829276,0.05983144009792268,topic_4,0.9363215230824581
MM__MM_01_29_2018_0.txt,MM/MM_01_29_2018_0.txt,0.13959458248262757,0.00011226233038721961,0.00011226760717509144,0.16218843028488533,0.1377446468700528,0.00011226671041643235,0.00011225560815544281,0.5597987602567079,0.00011225930505822834,0.00011226854453383736,topic_7,0.5597987602567079
MM__MM_01_30_2017_0.txt,MM/MM_01_30_2017_0.txt,0.48012591006332206,0.00035219322978692586,0.41023528565134654,0.00035220998238608175,0.10717335000292577,0.00035223342253248445,0.0003521797008984012,0.00035220377046251853,0.0003522193176724696,0.00035221485866663053,topic_0,0.48012591006332206
MM__MM_01_31_2017_0.txt,MM/MM_01_31_2017_0.txt,0.10449110777830302,0.027432709233924605,0.11070363104864961,0.00015953777705811226,0.00015954231697301003,0.08018945927619325,0.00015952850834680753,0.6345895335493291,0.04195541332075575,0.0001595371904667908,topic_7,0.6345895335493291
MM__MM_01_31_2018_0.txt,MM/MM_01_31_2018_0.txt,0.15885020048420861,0.00020709791330802483,0.11851749132343438,0.08595968598820188,0.39162711984596993,0.00020709305923046864,0.00020708623063883837,0.24401004820368768,0.0002070734420187091,0.0002071035093014567,topic_4,0.39162711984596993
MM__MM_02_01_2018_0.txt,MM/MM_02_01_2018_0.txt,0.5466497402963174,0.0001733538776766994,0.0001733563040767611,0.0001733550302024497,0.00017336139255383148,0.35744455816675924,0.00017334031044180637,0.09469224295661623,0.00017333685304577308,0.0001733548123097677,topic_0,0.5466497402963174
MM__MM_02_02_2016_0.txt,MM/MM_02_02_2016_0.txt,0.000420294254868543,0.00042029777984894153,0.00042030590098823914,0.0004203039523980979,0.00042026616111901145,0.3586660854688886,0.0004202616322455251,0.0004202672196544648,0.6379716398430741,0.0004202777869143907,topic_8,0.6379716398430741
MM__MM_02_02_2017_0.txt,MM/MM_02_02_2017_0.txt,0.6569578363012146,0.046825966314953435,0.0002506985111815555,0.03581226850607992,0.00025069852350597895,0.25889975525463893,0.0002506892035589437,0.00025069437564813633,0.00025070606664616,0.000250686942572278,topic_0,0.6569578363012146
MM__MM_02_02_2018_0.txt,MM/MM_02_02_2018_0.txt,0.5524398261828116,0.09176859026961807,0.16672423838592101,0.04490287079502015,0.0001543605442692662,0.0001543679368134769,0.00015435873522949358,0.14339263586018083,0.0001543852712681777,0.00015436601886803622,topic_0,0.5524398261828116
MM__MM_02_05_2016_0.txt,MM/MM_02_05_2016_0.txt,0.8885959939444598,0.000194980721906733,0.00019497632753407782,0.00019498453734062896,0.09724915050591552,0.00019497392986491286,0.012789971860723243,0.00019498705819168818,0.00019500330184269994,0.00019497781222082723,topic_0,0.8885959939444598
MM__MM_02_05_2016_1.txt,MM/MM_02_05_2016_1.txt,0.6679616544640541,0.00024697452781423265,0.00024697478352953396,0.09135208065360523,0.05871892097818567,0.00024698175727000263,0.00024698004649274883,0.14653062006019463,0.03420183769561526,0.00024697503323881684,topic_0,0.6679616544640541
MM__MM_02_06_2017_0.txt,MM/MM_02_06_2017_0.txt,0.35694426180412087,0.00045883659294834343,0.6284040612040226,0.01143993177001165,0.0004588340516110795,0.0004588305104821427,0.00045879064845124945,0.0004588296565509079,0.0004587855459493409,0.0004588382158517728,topic_2,0.6284040612040226
MM__MM_02_07_2017_0.txt,MM/MM_02_07_2017_0.txt,0.0001326620886928389,0.00013266484783187784,0.00013267019419503846,0.0001326621013692547,0.00013266286152649416,0.00013265857673823626,0.0001326513087209783,0.00013266101185282505,0.00013264673799965004,0.9988060602710729,topic_9,0.9988060602710729
MM__MM_02_07_2017_1.txt,MM/MM_02_07_2017_1.txt,0.00030129178770129934,0.00030128701663912515,0.20985559857974456,0.00030129147282695074,0.07245703170038585,0.00030127448273790393,0.00030126213440172527,0.11977149812865875,0.0003012567786337606,0.59610820791827,topic_9,0.59610820791827
MM__MM_02_07_2018_0.txt,MM/MM_02_07_2018_0.txt,0.31986742242727206,0.04643118805425021,0.0035326270890647963,0.00013337080788275012,0.04208424926984626,0.0001333685056194753,0.000133363259267748,0.5874176568938548,0.0001333701929286487,0.0001333835000132817,topic_7,0.5874176568938548
MM__MM_02_08_2018_0.txt,MM/MM_02_08_2018_0.txt,0.5147887066141713,0.0002733026920175863,0.0002732996447908798,0.0002732944692777966,0.0002732938705954837,0.04413666968050744,0.0002732777196628249,0.4391615289942144,0.00027334555717683655,0.00027328075758550175,topic_0,0.5147887066141713
MM__MM_02_08_2019_0.txt,MM/MM_02_08_2019_0.txt,0.00017926482799307566,0.00017926421953021171,0.1699421671737582,0.07218096573275758,0.07894450364586125,0.6778568020700717,0.00017924839818320737,0.00017926023019603404,0.00017927145120866966,0.0001792522504401556,topic_5,0.6778568020700717
MM__MM_02_10_2016_0.txt,MM/MM_02_10_2016_0.txt,0.43529620164976845,0.0002688894016699594,0.15786784886264618,0.21530953330964508,0.00026889255640545433,0.00026889873681642477,0.0002688835784115366,0.18991307928205667,0.0002688689157911755,0.00026890370678881923,topic_0,0.43529620164976845
MM__MM_02_10_2017_0.txt,MM/MM_02_10_2017_0.txt,0.5186136960350503,0.00017304939736426691,0.0001730586967551043,0.00017306571838183416,0.10645562996695886,0.3049440381404741,0.00017304615718778218,0.034273431196510176,0.03484792268042136,0.00017306201089639433,topic_0,0.5186136960350503
MM__MM_02_13_2016_0.txt,MM/MM_02_13_2016_0.txt,0.58777414036748,0.00025847260715328087,0.12342530382826061,0.17629571957713902,0.00025847710946380663,0.11095398623956962,0.00025847788179604245,0.00025846145901463655,0.0002584880692421762,0.0002584728608808652,topic_0,0.58777414036748
MM__MM_02_13_2017_0.txt,MM/MM_02_13_2017_0.txt,0.00041853349801243485,0.00041850659284537004,0.19456499305498148,0.0004184963010004056,0.19912027397789106,0.12278447209039323,0.0004185014390305351,0.00041853206062131753,0.00041858462707413513,0.48101910635815,topic_9,0.48101910635815
MM__MM_02_14_2018_0.txt,MM/MM_02_14_2018_0.txt,0.42061396868729706,0.27762876004748144,0.06199639485390771,0.00028017778031328274,0.021052371755544978,0.0002801777185607862,0.00028017173720679,0.1910315653248074,0.026556226821502407,0.00028018527337812316,topic_0,0.42061396868729706
MM__MM_02_14_2019_0.txt,MM/MM_02_14_2019_0.txt,0.02405964708885422,0.00024218581544456318,0.00024219156855365928,0.00024220335657488707,0.026751044008186328,0.0002422025577738609,0.00024220740876450936,0.9474939264355645,0.0002421848752722126,0.0002422068850113905,topic_7,0.9474939264355645
MM__MM_02_15_2016_0.txt,MM/MM_02_15_2016_0.txt,0.6848380117116472,0.1220407753898361,0.0006804083987135484,0.0006804780384878787,0.04361691670756724,0.14542157008071044,0.0006805066828071584,0.0006804032031108143,0.000680453738473567,0.0006804760486459906,topic_0,0.6848380117116472
MM__MM_02_16_2016_0.txt,MM/MM_02_16_2016_0.txt,0.16310812181064757,0.00014412883382977087,0.07677441786324841,0.12712379633899937,0.00014413119927004806,0.0001441315894538716,0.00014412067416284422,0.00014413707531310785,0.00014412953674307674,0.632128885078332,topic_9,0.632128885078332
MM__MM_02_17_2016_0.txt,MM/MM_02_17_2016_0.txt,0.00024103255752777226,0.00024103241674863662,0.08228857693510766,0.5718848653163158,0.08145860742736737,0.00024105181178006875,0.0002410271009958128,0.26292177525292315,0.00024101074335286903,0.00024102043788083383,topic_3,0.5718848653163158
MM__MM_02_18_2016_0.txt,MM/MM_02_18_2016_0.txt,0.0001692456853389814,0.00016924844049049262,0.00016924832773875938,0.00016926098281673776,0.00016925128097245503,0.000169243329185664,0.9984767691784725,0.00016925042612709858,0.00016923593644989663,0.00016924641240737963,topic_6,0.9984767691784725
MM__MM_02_21_2018_0.txt,MM/MM_02_21_2018_0.txt,0.5376401403387463,0.00018319245719382383,0.000183197626245348,0.0001831946940014566,0.00018320392024009474,0.24513475148585492,0.00018318814842646717,0.21594276353615968,0.0001831817019751446,0.00018318609115657123,topic_0,0.5376401403387463
MM__MM_02_22_2016_0.txt,MM/MM_02_22_2016_0.txt,3.6653098701295526e-05,3.665419120477286e-05,3.665425427259038e-05,0.9996701208037035,3.665256621122679e-05,3.665501766115626e-05,3.665118997129318e-05,3.665300217432112e-05,3.665251917012953e-05,3.6653356929596864e-05,topic_3,0.9996701208037035
MM__MM_02_22_2017_0.txt,MM/MM_02_22_2017_0.txt,0.0002160409876065933,0.00021603354902160977,0.00021604828153128425,0.3817347678763043,0.00021605036539424358,0.00021604078922567561,0.00021602350588027355,0.000216038932283345,0.00021602073450030293,0.6165369349782523,topic_9,0.6165369349782523
MM__MM_02_22_2017_1.txt,MM/MM_02_22_2017_1.txt,0.0003003888516103663,0.06455549822891785,0.000300399513290427,0.00030040187042053,0.13742698427121652,0.00030037570861575784,0.00030037998047554416,0.00030038864577373197,0.0003003568525400567,0.7959148260771393,topic_9,0.7959148260771393
MM__MM_02_22_2017_2.txt,MM/MM_02_22_2017_2.txt,0.0002165087089656136,0.0002165012703587711,0.00021651609042140524,0.38091676204661157,0.00021651803894962826,0.00021650855403801224,0.0002164910042779378,0.00021650663225303732,0.00021648840763283531,0.6173511992464913,topic_9,0.6173511992464913
MM__MM_02_23_2018_0.txt,MM/MM_02_23_2018_0.txt,0.3362379283276903,0.020070282507267702,0.00023262292750057952,0.0002326087927392212,0.0002326244846993443,0.6420634406721368,0.0002326009717012799,0.0002326362402172891,0.00023262653857024078,0.00023262853747728167,topic_5,0.6420634406721368
MM__MM_02_24_2016_0.txt,MM/MM_02_24_2016_0.txt,4.630722831137954e-05,4.630895609170402e-05,4.6308421602082114e-05,4.630700718412034e-05,4.630866137390399e-05,4.6305441940552884e-05,4.630463952384652e-05,4.630602533173954e-05,4.630666576370478e-05,0.9995832369528769,topic_9,0.9995832369528769
MM__MM_02_24_2017_0.txt,MM/MM_02_24_2017_0.txt,0.13167019252872056,0.00039074042318774796,0.1788568476139049,0.010111273451096916,0.1335114813955287,0.00039071325099843113,0.0003907072809374867,0.00039074563697528454,0.0003907128851944815,0.5438965855334554,topic_9,0.5438965855334554
MM__MM_02_25_2016_0.txt,MM/MM_02_25_2016_0.txt,0.0005651222313300708,0.0005651716010963988,0.08354033636369024,0.0005651761562477798,0.21677127517689873,0.0005650641351351156,0.0005651235747903261,0.0005650790497082456,0.0005650917241530256,0.69573255998695,topic_9,0.69573255998695
MM__MM_02_25_2019_0.txt,MM/MM_02_25_2019_0.txt,0.08674298314249945,0.00016212067525105096,0.07185296312065109,0.00016212000819753334,0.0001621104150427726,0.4924644234008298,0.00016211335628055426,0.3018465945643085,0.0001621277752991608,0.04628244354164019,topic_5,0.4924644234008298
MM__MM_02_27_2018_0.txt,MM/MM_02_27_2018_0.txt,0.00018980079995461726,0.00018979406788027992,0.00018981135386756407,0.00018980456457890128,0.00018980205410320335,0.8897720186172967,0.00018980002259784472,0.00018979690400168346,0.10870955624047539,0.00018981537524374753,topic_5,0.8897720186172967
MM__MM_02_27_2019_0.txt,MM/MM_02_27_2019_0.txt,0.3100976297060156,0.0001534190497428361,0.00015341697684852432,0.00015341200092461188,0.0001534155431524725,0.11365478192210869,0.00015340796611143384,0.5751736884683167,0.0001534090735654064,0.0001534192932136327,topic_7,0.5751736884683167
MM__MM_02_29_2016_0.txt,MM/MM_02_29_2016_0.txt,0.0003206069076309165,0.7040241964704781,0.16860907437020756,0.07734471036601956,0.04809843633663423,0.000320597712972377,0.0003205647721256268,0.0003206002255618493,0.0003206198519433051,0.0003205929864264962,topic_1,0.7040241964704781
MM__MM_03_01_2016_0.txt,MM/MM_03_01_2016_0.txt,3.6162398232459863e-05,3.616295857086782e-05,3.616230992010974e-05,0.6125469375078231,0.1935083337949716,3.6164051030123555e-05,3.61610738602525e-05,0.13677944955407367,3.6163827947480194e-05,0.056948302523570145,topic_3,0.6125469375078231
MM__MM_03_01_2017_0.txt,MM/MM_03_01_2017_0.txt,3.886147578100104e-05,0.01686457965138479,3.885873788328614e-05,0.38015935957552266,0.2900629249039164,0.04634764475177732,3.8859378235099526e-05,0.2614211120702959,0.004988937594381239,3.886186082249729e-05,topic_3,0.38015935957552266
MM__MM_03_01_2018_0.txt,MM/MM_03_01_2018_0.txt,0.035446715352505855,0.07490797643091061,4.966652072029563e-05,0.11577010834984647,0.3862314946794436,0.05357861677477643,4.966360625131439e-05,0.3260347944652536,0.007881299174577916,4.966464571392076e-05,topic_4,0.3862314946794436
MM__MM_03_01_2019_0.txt,MM/MM_03_01_2019_0.txt,3.486493490505984e-05,0.02042070455222871,3.486477554805148e-05,0.06986232502680294,0.35881695587181733,0.09928535886058243,3.486275885231831e-05,0.4380771476670834,3.486591466666627e-05,0.01339804963751308,topic_7,0.4380771476670834
MM__MM_03_02_2016_0.txt,MM/MM_03_02_2016_0.txt,0.23568285698647187,0.00032476839618149046,0.07686026504444234,0.059581084886386054,0.6259273029405006,0.00032473700760318725,0.000324750060781828,0.00032474839893753896,0.0003247331896134418,0.0003247530890814815,topic_4,0.6259273029405006
MM__MM_03_02_2017_0.txt,MM/MM_03_02_2017_0.txt,0.0001020675104969595,0.00010207757931570847,0.9990813950219876,0.00010206953351897112,0.00010206893670805949,0.00010206375065547613,0.00010206476143266776,0.00010206377725644325,0.00010206323425487704,0.00010206589437336656,topic_2,0.9990813950219876
MM__MM_03_03_2016_0.txt,MM/MM_03_03_2016_0.txt,0.5729345585192426,0.00026888659229057127,0.1128003855651788,0.07037468427108129,0.0002688957258585496,0.0002688889055010469,0.00026886662166933107,0.000268902711606129,0.0002689006240139247,0.24227703046355784,topic_0,0.5729345585192426
MM__MM_03_03_2016_1.txt,MM/MM_03_03_2016_1.txt,0.30304402934336144,0.0002801789638406449,0.14078719611715648,0.31385619811261123,0.00028017378476491754,0.13467480226524775,0.00028018984157412286,0.0002801921284758148,0.000280160988476277,0.10623687845449144,topic_3,0.31385619811261123
MM__MM_03_04_2016_0.txt,MM/MM_03_04_2016_0.txt,0.47486344517761053,0.00025517172862292247,0.29934750506762137,0.00025518879826569996,0.00025518139620338336,0.00025516929024454186,0.0002551679045825086,0.0002551773713489954,0.00025518883341048797,0.22400280443208967,topic_0,0.47486344517761053
MM__MM_03_05_2018_0.txt,MM/MM_03_05_2018_0.txt,0.2876511718307987,0.4920357819659098,0.05443080690327679,0.00018188415856482698,0.000181868458248019,0.16479102290930728,0.00018186332989792293,0.00018187152431576334,0.00018184976612714186,0.00018187915355394988,topic_1,0.4920357819659098
MM__MM_03_06_2017_0.txt,MM/MM_03_06_2017_0.txt,0.00013372986480625083,0.5559693334585822,0.3044230363640228,0.00013372834222981806,0.00013372913401041948,0.05155516280947806,0.00013372082446510365,0.0001337277038723265,0.08725010695031925,0.0001337245482135526,topic_1,0.5559693334585822
MM__MM_03_06_2018_0.txt,MM/MM_03_06_2018_0.txt,0.25985843801777025,0.000893023364898067,0.0008930715663310328,0.0008930283283356277,0.0008930562818250974,0.0008930598542720143,0.000892988354225735,0.0008930672131850885,0.0008930709405565267,0.7329971960786005,topic_9,0.7329971960786005
MM__MM_03_08_2018_0.txt,MM/MM_03_08_2018_0.txt,0.00023816079570888822,0.13375883921682222,0.06500774504351918,0.00023816666407289771,0.7995663333775227,0.00023815072985309743,0.00023815010237894973,0.00023815945413953172,0.00023814240580340626,0.0002381522101791302,topic_4,0.7995663333775227
MM__MM_03_09_2016_0.txt,MM/MM_03_09_2016_0.txt,0.47948356981215184,0.00020496812673185538,0.0002049724579224141,0.06713363921241493,0.0002049773884901399,0.00020497293558172986,0.00020497050646866763,0.4519480021003965,0.00020496006900384904,0.00020496739083801881,topic_0,0.47948356981215184
MM__MM_03_10_2016_0.txt,MM/MM_03_10_2016_0.txt,0.21158157781077117,0.6260057290052605,0.10419093865396753,0.00024637529515607803,0.031517945781510945,0.00024637509418811777,0.0002463828998577791,0.0002463854493190892,0.0002463551075614898,0.025471934902407248,topic_1,0.6260057290052605
MM__MM_03_10_2017_0.txt,MM/MM_03_10_2017_0.txt,0.3449804003810189,0.00021744038264148697,0.00021745857950545796,0.16805963728086074,0.00021745034449398396,0.00021744319900395817,0.0002174365096492085,0.4728583465366415,0.012796940710737486,0.00021744607544718278,topic_7,0.4728583465366415
MM__MM_03_10_2017_1.txt,MM/MM_03_10_2017_1.txt,0.7470476080849873,0.00019124725781620387,0.000191257396659715,0.00019125708705838523,0.00019124994539220487,0.0001912460033627482,0.00019124372180873763,0.2514223953354187,0.00019124977302013648,0.0001912453944759974,topic_0,0.7470476080849873
MM__MM_03_11_2017_0.txt,MM/MM_03_11_2017_0.txt,0.9965242454117258,0.00038618331392325725,0.00038621277185189347,0.00038622637055265094,0.00038620112734931975,0.0003861704002872031,0.0003861723074246721,0.0003862322834930753,0.0003861625645413813,0.0003861934488507223,topic_0,0.9965242454117258
MM__MM_03_11_2017_1.txt,MM/MM_03_11_2017_1.txt,0.3611821281142617,0.0001845623886363541,0.26097467093367427,0.0001845565884242827,0.00018455405731314232,0.0990919589244406,0.00018454845964707822,0.27764394138604126,0.00018453722058901732,0.00018454192697207395,topic_0,0.3611821281142617
MM__MM_03_13_2018_0.txt,MM/MM_03_13_2018_0.txt,0.31110709086688837,0.000158513528467709,0.11120948570148831,0.0001585199081635289,0.04940249558924163,0.07023524531070834,0.00015852365637620077,0.45725305975408753,0.00015853960749610718,0.0001585260770824069,topic_7,0.45725305975408753
MM__MM_03_13_2019_0.txt,MM/MM_03_13_2019_0.txt,0.22935704352288194,0.0001189373316088204,0.039178538435181647,0.00011893488287084515,0.05641987952191425,0.11024777728381117,0.00011893114469627185,0.5642020886707579,0.00011893154514026866,0.00011893766113700849,topic_7,0.5642020886707579
MM__MM_03_14_2016_0.txt,MM/MM_03_14_2016_0.txt,0.15248241530489978,0.44032048678937014,0.09765245562785847,0.2521264502852227,0.00030590136445419347,0.00030588611714154327,0.05588875730142211,0.0003058877203885493,0.00030586920540393904,0.000305890283838487,topic_1,0.44032048678937014
MM__MM_03_14_2018_0.txt,MM/MM_03_14_2018_0.txt,0.16474901728798524,0.000143098572102845,0.35679899606046334,0.00014309871577975947,0.06522847636784387,0.1933154301437136,0.09826521446744321,0.10768887376780203,0.013524696864467323,0.0001430977523985936,topic_2,0.35679899606046334
MM__MM_03_14_2019_0.txt,MM/MM_03_14_2019_0.txt,0.000155804886452197,0.8690656430747806,0.00015580261126635171,0.0001557985323438163,0.00015580081792017082,0.12968794293151745,0.00015579508816890463,0.0001558071262744314,0.00015580458239405933,0.00015580034888189586,topic_1,0.8690656430747806
MM__MM_03_15_2016_0.txt,MM/MM_03_15_2016_0.txt,0.30928000796543464,0.00015225171844069314,0.0001522512983046401,0.23376768948363036,0.0001522447769524157,0.0001522443980495259,0.00015224515482664347,0.4558865758141503,0.00015224096165213885,0.0001522484285585519,topic_7,0.4558865758141503
MM__MM_03_15_2016_1.txt,MM/MM_03_15_2016_1.txt,0.025288502622959112,0.07939926005209687,0.23110237551687055,0.1912510580400042,0.09494642174589536,0.0003135499213847849,0.0003135640748922931,0.000313559461156105,0.00031358552819890254,0.37675812303654194,topic_9,0.37675812303654194
MM__MM_03_15_2017_0.txt,MM/MM_03_15_2017_0.txt,0.00012646206480763732,0.0001264479961595403,0.1778163233487848,0.00012646056649339444,0.00012645990889976076,0.0001264511401545558,0.00012645038170846202,0.8211720358838853,0.00012644991047005172,0.00012645879863656975,topic_7,0.8211720358838853
MM__MM_03_15_2019_0.txt,MM/MM_03_15_2019_0.txt,0.0002740424748861209,0.13613481546052547,0.06448651954536329,0.00027404649254934713,0.6420013428626407,0.07830578785146639,0.0002740371363109495,0.0002740440859563493,0.07770130780758475,0.00027405628271673957,topic_4,0.6420013428626407
MM__MM_03_16_2016_0.txt,MM/MM_03_16_2016_0.txt,0.0005683336375636176,0.0005683649591833905,0.0005683656965328393,0.03277653713169587,0.8749514092771028,0.0005682766852234766,0.0005683317429513073,0.0005683005428440024,0.0005682996001265727,0.08829378072677603,topic_4,0.8749514092771028
MM__MM_03_16_2017_0.txt,MM/MM_03_16_2017_0.txt,0.18286545106367474,0.00043300768200311366,0.12289411377701308,0.00043304389836503973,0.04377049512685245,0.00043302022247739886,0.0004330010394724676,0.000433016968096064,0.0004329697419973398,0.6478718804800482,topic_9,0.6478718804800482
MM__MM_03_16_2017_1.txt,MM/MM_03_16_2017_1.txt,0.00015702962270484723,0.0001570219326311937,0.46126902765668537,0.00015702472092005178,0.00015702965812823677,0.012100442102633625,0.0001570204272138654,0.5212174553397408,0.00015701534993071463,0.00447093318941129,topic_7,0.5212174553397408
MM__MM_03_16_2017_2.txt,MM/MM_03_16_2017_2.txt,0.0001541295614620252,0.00015412294055862634,0.471435969135909,0.00015412146654607059,0.0001541258177572432,0.013416101616255036,0.00015411655286641323,0.5102088786794813,0.00015411257717320274,0.0040143216519910015,topic_7,0.5102088786794813
MM__MM_03_18_2016_0.txt,MM/MM_03_18_2016_0.txt,0.545779369524024,0.06716155623421873,0.00019162324494490405,0.3365481406367728,0.00019162493448938268,0.00019161664795081803,0.04936121797898834,0.0001916234375061896,0.00019160408542027307,0.00019162327568476089,topic_0,0.545779369524024
MM__MM_03_18_2019_0.txt,MM/MM_03_18_2019_0.txt,0.0002591358978031543,0.12006939855275728,0.0002591469511012719,0.00025913431067907443,0.373563935010201,0.0002591309620343782,0.00025911987986917875,0.5045527556231165,0.00025911310255793745,0.000259129709880083,topic_7,0.5045527556231165
MM__MM_03_19_2019_0.txt,MM/MM_03_19_2019_0.txt,0.00018023374855963574,0.21124897126047942,0.17246201544930048,0.00018022634877825518,0.00018023468201377592,0.13859031118221085,0.0001802313227391468,0.4766173331392789,0.00018021544929956178,0.0001802274173399681,topic_7,0.4766173331392789
MM__MM_03_20_2017_0.txt,MM/MM_03_20_2017_0.txt,0.23837218889716708,0.00017830371164472033,0.4040293890621621,0.000178305614246388,0.03266298650466825,0.00017832926862942406,0.042244679248232456,0.2817992273139974,0.00017829254652831754,0.00017829783272392807,topic_2,0.4040293890621621
MM__MM_03_20_2018_0.txt,MM/MM_03_20_2018_0.txt,0.0003789134191006897,0.000378855114043569,0.0003788939778156771,0.0003788813088522464,0.17954691980325743,0.00037887815146556776,0.00037885034810645774,0.2917169304216772,0.0003789147200165071,0.5260839627356647,topic_9,0.5260839627356647
MM__MM_03_20_2019_0.txt,MM/MM_03_20_2019_0.txt,0.00042204553109653217,0.00042205819063863406,0.00042203553979736655,0.05575084515746689,0.3319574335535185,0.0004220690447459158,0.0004220305912644087,0.00042204225626820335,0.0004220343976579961,0.6093374057375456,topic_9,0.6093374057375456
MM__MM_03_21_2017_0.txt,MM/MM_03_21_2017_0.txt,0.00019273726283504389,0.586541322605159,0.00019273344290413546,0.17711080587604583,0.07535718949212375,0.03972292423302939,0.00019271470684399796,0.12030412391614892,0.00019272359013333524,0.0001927248747765405,topic_1,0.586541322605159
MM__MM_03_21_2018_0.txt,MM/MM_03_21_2018_0.txt,0.000200850849121684,0.9981923848336642,0.00020086046269954055,0.0002008456751090734,0.00020085112323695137,0.00020083869628138165,0.00020083936160844294,0.0002008452107437452,0.00020084279461728946,0.00020084099291759508,topic_1,0.9981923848336642
MM__MM_03_21_2019_0.txt,MM/MM_03_21_2019_0.txt,0.14337219289563577,0.12368368104591047,0.3191569490221003,8.363494738097108e-05,0.0963604900081569,0.10252080061287021,8.363092451723109e-05,0.21457135624055906,8.362925922936196e-05,8.363504363981136e-05,topic_2,0.3191569490221003
MM__MM_03_22_2017_0.txt,MM/MM_03_22_2017_0.txt,0.0003290494048080937,0.09044478393478543,0.00032903570998988355,0.0003290347229446078,0.00032904845259267284,0.00032901700483916794,0.5242019306259615,0.38305006323581225,0.0003290063044518583,0.0003290306038146303,topic_6,0.5242019306259615
MM__MM_03_22_2019_0.txt,MM/MM_03_22_2019_0.txt,0.0003718464348570272,0.00037187221150280624,0.00037185341086644737,0.00037183430305833546,0.8149843243423802,0.0003718671017071783,0.0003718279452544314,0.0003718528136255869,0.00037181657136517476,0.18204090486538274,topic_4,0.8149843243423802
MM__MM_03_22_2019_1.txt,MM/MM_03_22_2019_1.txt,0.06340519368653491,0.0003803179040015462,0.2694970509917284,0.04889330804194699,0.00038032771915799663,0.0003803412532106551,0.0003803081583189281,0.0973385564068589,0.00038030931271147483,0.5189642865255302,topic_9,0.5189642865255302
MM__MM_03_22_2019_2.txt,MM/MM_03_22_2019_2.txt,0.00033232515174922263,0.00033231470549032784,0.0003323025169170665,0.0003322988665180504,0.10152240572971744,0.12588670320888287,0.0003322982589465932,0.0003323363539035574,0.00033230334371634385,0.7702647118641586,topic_9,0.7702647118641586
MM__MM_03_23_2017_0.txt,MM/MM_03_23_2017_0.txt,0.7348710907506125,0.00026532560084943586,0.00026533066013318985,0.00026532897749795016,0.00026533839469557614,0.00026534140965669246,0.26300632536210067,0.0002653186487723096,0.00026528577834345374,0.0002653144173381791,topic_0,0.7348710907506125
MM__MM_03_23_2017_1.txt,MM/MM_03_23_2017_1.txt,0.34493132973621227,0.00020372657266362178,0.08571834173597105,0.1778245127262271,0.39030351520948586,0.0002037190597707445,0.00020370344494578872,0.00020371948272665275,0.00020371237618467604,0.00020371965581204737,topic_4,0.39030351520948586
MM__MM_03_23_2017_2.txt,MM/MM_03_23_2017_2.txt,0.0001818755672836847,0.40590845580185825,0.107746696923267,0.03382961538672764,0.15560559704448937,0.296000308367003,0.00018185812524773438,0.0001818626685807402,0.00018186905433051673,0.00018186106121195132,topic_1,0.40590845580185825
MM__MM_03_25_2019_0.txt,MM/MM_03_25_2019_0.txt,0.00071962701319455,0.09493257412052178,0.20229390102679976,0.0007195643159622901,0.23091278369538165,0.0007196831429883792,0.0007196167129481241,0.0007195961595645778,0.0007195854800438152,0.4675430683325952,topic_9,0.4675430683325952
MM__MM_03_26_2018_0.txt,MM/MM_03_26_2018_0.txt,0.12243405351995659,0.026769645679961936,0.00020969471685803,0.09054957339797087,0.3475917383726382,0.00020970326728542575,0.00020969032404953106,0.25711305743675644,0.0002096787868622045,0.15470316449766078,topic_4,0.3475917383726382
MM__MM_03_26_2019_0.txt,MM/MM_03_26_2019_0.txt,0.09013585734410981,0.00019309859474579992,0.00019310665963680106,0.0001931002955595491,0.18149675321845468,0.0001931128701858769,0.00019310262984016237,0.2824710192813769,0.00019311331527638572,0.44473773579081405,topic_9,0.44473773579081405
MM__MM_03_26_2019_1.txt,MM/MM_03_26_2019_1.txt,0.00033679750429761247,0.00033678624095111187,0.10548717378812619,0.15751238612381405,0.7206138414675565,0.014365876207906329,0.00033676628933609253,0.00033679308555620996,0.0003367595471267085,0.00033681974532919054,topic_4,0.7206138414675565
MM__MM_03_28_2018_0.txt,MM/MM_03_28_2018_0.txt,0.0002545198697494509,0.3027274796070894,0.000254508260696389,0.058453431262668484,0.3775999372962214,0.00025455190428453494,0.0002545211715803704,0.25969203386846273,0.00025449512852440985,0.000254521630722846,topic_4,0.3775999372962214
MM__MM_03_29_2016_0.txt,MM/MM_03_29_2016_0.txt,0.645307936781516,0.00031956018783189856,0.0003195695082376491,0.14659959677119008,0.00031957086891431624,0.07087832340278974,0.000319555612362594,0.1352967514903975,0.00031954873414107954,0.00031958664261906903,topic_0,0.645307936781516
MM__MM_03_29_2017_0.txt,MM/MM_03_29_2017_0.txt,0.45242393279874665,0.12159228805211202,0.00019885898000602262,0.0001988568175752901,0.00019885807122124708,0.28344816748518437,0.0001988515311673418,0.14134246616224708,0.0001988477675529802,0.00019887233418697638,topic_0,0.45242393279874665
MM__MM_03_30_2017_0.txt,MM/MM_03_30_2017_0.txt,0.22558685334417516,0.08998674321865323,0.2910825610945133,0.00016533627239677902,0.00016532939960435983,0.00016534283986791373,0.0001653230978752414,0.3923518579137668,0.00016532294839784905,0.00016532987074932722,topic_7,0.3923518579137668
MM__MM_03_31_2017_0.txt,MM/MM_03_31_2017_0.txt,0.5901488500818446,0.0001346321157802305,0.243569293139796,0.00013462126548660267,0.0001346324271000774,0.06878375981677039,0.00013463064530849057,0.09669034037203053,0.0001346191292478827,0.00013462100663506855,topic_0,0.5901488500818446
MM__MM_04_01_2019_0.txt,MM/MM_04_01_2019_0.txt,0.24790818977537082,0.25077221309190173,0.00019163213405119358,0.00019162261356172255,0.0643936048517746,0.30874111599180365,0.00019161934717247514,0.12722678412708596,0.00019161132920724854,0.00019160673807050088,topic_5,0.30874111599180365
MM__MM_04_02_2017_0.txt,MM/MM_04_02_2017_0.txt,0.040907117967423905,0.0005495745824825447,0.4869330302839211,0.0005495985110094344,0.3719329377222392,0.0005495959017647169,0.0005495821373059145,0.0005496061538692616,0.0005495640980359025,0.09692939264194807,topic_2,0.4869330302839211
MM__MM_04_02_2019_0.txt,MM/MM_04_02_2019_0.txt,0.0004486272518387111,0.0004485556238989958,0.00044852729459588886,0.0004485376334933964,0.9959631188811223,0.00044857323916822924,0.00044851478975979907,0.0004485099856433562,0.00044849675571338043,0.00044853854476586567,topic_4,0.9959631188811223
MM__MM_04_03_2017_0.txt,MM/MM_04_03_2017_0.txt,0.12687080579743568,0.00013248615876272827,0.23892656990231173,0.0001324904114022533,0.12141873058668756,0.08871475591825136,0.00013248315272698392,0.38874140584308686,0.00013248945881253634,0.03479778277052219,topic_7,0.38874140584308686
MM__MM_04_03_2017_1.txt,MM/MM_04_03_2017_1.txt,0.4840408665685264,0.00023646677138135501,0.3816382059996353,0.00023646683602425567,0.07692673983422844,0.00023647751760242717,0.00023646507111698797,0.00023647306656852853,0.00023644777649009939,0.05597539055842621,topic_0,0.4840408665685264
MM__MM_04_03_2018_0.txt,MM/MM_04_03_2018_0.txt,0.0006025617525464043,0.0006025539423046856,0.5531211913744026,0.0006025097919822374,0.44205857344828703,0.0006025255919523067,0.0006025339465383104,0.0006025262018678624,0.0006024865401662051,0.0006025374099522471,topic_2,0.5531211913744026
MM__MM_04_05_2016_0.txt,MM/MM_04_05_2016_0.txt,0.2590685572779981,0.06418876329814269,0.21742942369440457,0.045189242441837085,0.00016424802805169297,0.00016423994748127808,0.0001642519550074344,0.38943643361072044,0.00016423824831540858,0.024030601498041263,topic_7,0.38943643361072044
MM__MM_04_06_2017_0.txt,MM/MM_04_06_2017_0.txt,0.05095597418739886,0.05311086169621872,0.11843344394303143,0.00015629710694952585,0.0001562909395180902,0.00015628904557484868,0.0001562836090082027,0.43886208132634325,0.00015628423516433117,0.33785619391079263,topic_7,0.43886208132634325
MM__MM_04_06_2018_0.txt,MM/MM_04_06_2018_0.txt,0.46811302796601545,0.0001076721907373963,0.3271909162021668,0.00010767144687348615,0.00010767256952882756,0.04879206070566854,0.00010767442630465344,0.15525796025666697,0.00010767444267475328,0.00010766979336313031,topic_0,0.46811302796601545
MM__MM_04_07_2016_0.txt,MM/MM_04_07_2016_0.txt,0.00019016971757949817,0.0001901559122312027,0.2803290223297565,0.7181496817055095,0.0001901695931974783,0.00019017115558828812,0.00019015715804234176,0.00019015803151369346,0.0001901554279860106,0.0001901589685954257,topic_3,0.7181496817055095
MM__MM_04_07_2016_1.txt,MM/MM_04_07_2016_1.txt,0.00024396834067507933,0.00024396435248562093,0.00024398878862359923,0.00024395429937500282,0.0002439543804485564,0.0002439596681763963,0.9978043556314155,0.00024396009000027653,0.00024394937252788815,0.0002439450762722278,topic_6,0.9978043556314155
MM__MM_04_07_2017_0.txt,MM/MM_04_07_2017_0.txt,0.309445236111431,0.10772377362961522,0.1892068321196169,0.15051307954267168,0.06139884687607674,0.07471688975973327,0.00018836680597260916,0.09968564050144366,0.006932960838318886,0.0001883738151203157,topic_0,0.309445236111431
MM__MM_04_09_2019_0.txt,MM/MM_04_09_2019_0.txt,7.180785078649274e-05,0.05383675206073118,0.09473366220102293,0.06385838302786374,0.12615385965401726,0.11828741423799242,7.180495441943875e-05,0.5428427037754257,7.180431167992504e-05,7.180792606065126e-05,topic_7,0.5428427037754257
